
~~~~~~~~~~~~~~~~~~~~~~~~~~~~~~~~~~~~~~~~~~USING word2vec-google-news-300~~~~~~~~~~~~~~~~~~~~~~~~~~~~~~~~~~~~~~~~~~

~~~~~~MODEL: Base-MLP: HYPERPARAMETERS: None~~~~~~
~~Base-MLP Classification report for Emotions~~
                precision    recall  f1-score   support

    admiration       0.46      0.52      0.49      2135
     amusement       0.42      0.52      0.47      1241
         anger       0.37      0.21      0.26      1029
     annoyance       0.20      0.05      0.08      1669
      approval       0.42      0.03      0.06      2212
        caring       0.29      0.16      0.21       656
     confusion       0.28      0.07      0.11      1001
     curiosity       0.34      0.21      0.26      1167
        desire       0.40      0.18      0.25       422
disappointment       0.24      0.03      0.05       962
   disapproval       0.30      0.07      0.11      1567
       disgust       0.30      0.20      0.24       543
 embarrassment       0.34      0.12      0.17       266
    excitement       0.34      0.13      0.19       577
          fear       0.44      0.42      0.43       359
     gratitude       0.77      0.74      0.76      1422
         grief       0.17      0.07      0.10        87
           joy       0.33      0.21      0.26       874
          love       0.55      0.62      0.58      1038
   nervousness       0.42      0.11      0.17       159
       neutral       0.41      0.81      0.55     11055
      optimism       0.44      0.18      0.26       886
         pride       0.50      0.08      0.13       141
   realization       0.29      0.00      0.01       960
        relief       0.08      0.01      0.01       172
       remorse       0.39      0.34      0.36       305
       sadness       0.39      0.24      0.30       754
      surprise       0.41      0.19      0.26       694

      accuracy                           0.42     34353
     macro avg       0.37      0.23      0.25     34353
  weighted avg       0.39      0.42      0.36     34353

~~Base-MLP Classification report for Sentiments~~
              precision    recall  f1-score   support

   ambiguous       0.41      0.31      0.36      3822
    negative       0.50      0.56      0.53      7700
     neutral       0.49      0.51      0.50     11055
    positive       0.67      0.65      0.66     11776

    accuracy                           0.55     34353
   macro avg       0.52      0.51      0.51     34353
weighted avg       0.55      0.55      0.55     34353

~~Base-MLP Confusion matrix for Emotions~~
[[1101   40    8    8   14   13    1   14    3    5    7    4    3   17    7   50    0   45   98    1  653   19    4    0    0    1    3   16]
 [  52  649    8    9    0    2    2    5    2    0    4    5    3    7    4   10    0   30   18    0  412    2    0    1    0    0    9    7]
 [  19   20  212   56    1    0    3   11    2    2   10   29    0    2    9    9    0    3   11    0  612    0    1    0    0    5    6    6]
 [  38   56   92   87    5    9   13   27    5   12   23   27    8    3   13   14    2    9   17    3 1166    3    0    0    0    4   24    9]
 [ 143   57    8   14   69   27   11   15   10    6   19   15    5    5    9   22    0   26   36    2 1664   16    0    1    2    8   15    7]
 [  27   10    6    7    3  108    2    6    4    4    1    7    0    0    3    7    0   10   13    1  403   17    0    0    0    6   10    1]
 [  19   28   10   13    1    0   70   91    0    1   10    5    0    0    3    5    2    1    7    1  724    1    0    1    0    2    4    2]
 [  32   25   11    5    0    7   19  248    1    0    2    2    1   12    5    7    0    6   12    0  747    1    0    0    0    3    1   20]
 [  18   12    0    1    1    4    2    5   77    1    3    0    0    2    1    1    0    4   17    0  255   15    0    0    0    1    2    0]
 [  23   16   17   24    0    6    6   14    4   29   12   19    3    0   13    6    3    8   10    1  682    8    0    0    0   13   38    7]
 [  34   54   20   28    4   11   14   11    4    4  105   19    5    3    7   11    4    7   11    0 1176    6    0    1    0    9    9   10]
 [  14   14   28   20    1    3    1    2    1    3    6  106    1    0   12    2    0    3    1    1  309    2    0    0    0    1   10    2]
 [   2   10    3   10    2    2    0    1    0    1    2   16   31    3    0    1    0    1    3    0  163    0    0    2    0    8    3    2]
 [  86   22    9    2    4    2    1    7    6    1    1    2    0   75    2    5    0   34   18    0  275    9    0    0    0    0    2   14]
 [   8    6    5    3    0    7    1    1    0    2    2   11    1    1  151    0    0    1    1    4  148    1    0    0    0    0    4    1]
 [  78   16    0    2    4   12    2    2    5    0    1    1    0    6    3 1055    0   35    8    0  149   17    0    0    1   19    4    2]
 [   2    2    3    0    0    0    1    1    1    0    0    0    0    0    3    0    6    0    0    0   55    0    0    1    0    3    9    0]
 [  87  109    1    3    2    7    0    3    5    1    1    3    0   20    1   28    1  183   62    0  336   13    1    0    1    0    2    4]
 [  74   18    3    2    2    1    0    6    2    0    4    0    0    4    0    4    0   12  642    0  253    2    0    0    0    1    4    4]
 [   2    1    0    3    0    4    0    2    0    0    2    2    1    0    8    0    0    1    2   17  104    0    0    0    0    1    7    2]
 [ 347  291  104  104   44   80   82  216   43   20   94   66   15   47   58   80    7   74  144    5 8916   56    3    3    6   19   78   53]
 [  49   15    2    3    3   38    2    1   14    7    7    0    0    5    4   12    1   14   12    0  524  162    2    0    2    2    4    1]
 [  22    4    0    1    0    0    0    1    1    1    1    0    0    0    0    3    0   10    1    0   82    1   11    0    0    0    1    1]
 [  31   28    4    7    0    5    6    6    0    7    8    6    4    1   12    8    5   12    4    0  771    4    0    4    0    8    8   11]
 [  12    2    0    1    0    7    0    2    0    2    2    0    0    2    0   10    0   17    0    1  106    3    0    0    1    1    2    1]
 [   7   10    1    0    1    2    1    0    0    1    3    0    4    0    1   10    0    0    3    0  129    2    0    0    0  104   26    0]
 [   8    9    9   14    0   10    4    4    2   12    8   10    3    0    7    5    5    8   11    2  387    5    0    0    0   47  180    4]
 [  42   24    7   10    2    2    9   23    1    1    8    3    2    6    4    3    0    4    5    1  404    2    0    0    0    1    1  129]]
~~Base-MLP Confusion matrix for Sentiments~~
[[1195  694 1353  580]
 [ 420 4294 2082  904]
 [ 851 2317 5653 2234]
 [ 416 1291 2436 7633]]-----------------------------------------------------

~~~~~~MODEL: T-MLP ~~~~~~
~~~~HYPERPARAMETERS: As chosen by GridSearchCV: 
	Emotions: MLPClassifier(activation='tanh', hidden_layer_sizes=[30, 50], max_iter=80,
              solver='sgd')
	Sentiments: MLPClassifier(hidden_layer_sizes=[30, 50], max_iter=80, solver='sgd')~~~~~~
~~T-MLP Classification report for Emotions~~
                precision    recall  f1-score   support

    admiration       0.46      0.48      0.47      2135
     amusement       0.45      0.44      0.45      1241
         anger       0.35      0.21      0.26      1029
     annoyance       0.17      0.02      0.03      1669
      approval       0.34      0.04      0.06      2212
        caring       0.35      0.10      0.16       656
     confusion       0.36      0.04      0.07      1001
     curiosity       0.36      0.10      0.15      1167
        desire       0.49      0.10      0.17       422
disappointment       0.29      0.03      0.05       962
   disapproval       0.29      0.04      0.07      1567
       disgust       0.34      0.13      0.18       543
 embarrassment       0.40      0.06      0.11       266
    excitement       0.34      0.10      0.16       577
          fear       0.42      0.31      0.35       359
     gratitude       0.76      0.74      0.75      1422
         grief       0.25      0.01      0.02        87
           joy       0.37      0.17      0.23       874
          love       0.57      0.58      0.58      1038
   nervousness       0.40      0.05      0.09       159
       neutral       0.40      0.86      0.54     11055
      optimism       0.42      0.22      0.29       886
         pride       0.50      0.07      0.12       141
   realization       0.00      0.00      0.00       960
        relief       0.00      0.00      0.00       172
       remorse       0.37      0.32      0.34       305
       sadness       0.35      0.24      0.28       754
      surprise       0.42      0.15      0.23       694

      accuracy                           0.42     34353
     macro avg       0.37      0.20      0.22     34353
  weighted avg       0.38      0.42      0.34     34353

~~T-MLP Classification report for Sentiments~~
              precision    recall  f1-score   support

   ambiguous       0.41      0.27      0.33      3822
    negative       0.50      0.53      0.51      7700
     neutral       0.48      0.50      0.49     11055
    positive       0.64      0.67      0.66     11776

    accuracy                           0.54     34353
   macro avg       0.51      0.49      0.50     34353
weighted avg       0.53      0.54      0.53     34353

~~T-MLP Confusion matrix for Emotions~~
[[1028   21    9    6   18    9    0   10    1    5    1    2    2   15    6   55    0   40  102    0  763   22    4    0    0    1    2   13]
 [  59  546    6    7    4    1    0    0    2    0    4    4    1    4    1   13    0   20   15    0  536    1    0    0    0    0   11    6]
 [  16   17  211   30    0    0    3    4    0    1   14   16    1    0    3    7    0    3    8    0  678    1    0    0    0    3   10    3]
 [  22   43   94   32   10    3    6    7    3    9   11   15    3    2   14   14    1    7   17    2 1319    3    0    0    0    4   22    6]
 [ 144   39    9    2   79   13   10    4    3    2   16    3    1    3    4   21    0   19   34    3 1745   22    1    1    0    9   21    4]
 [  12    8    6    1    2   66    0    4    2    0    1    2    0    1    3   10    0    6   12    0  475   24    0    0    0    7   13    1]
 [  17   17   11    4    5    1   37   39    0    0   10    0    1    1    3    5    1    2    4    0  834    2    0    0    0    3    1    3]
 [  24   14    7    4    4    1    6  115    1    0    2    2    1    8    7    9    0    3    7    1  922    5    0    0    0    2    3   19]
 [  15   15    1    1    2    2    1    2   44    3    2    2    0    4    0    9    0    3   12    0  278   23    0    0    0    0    3    0]
 [  22   17   11   14    3    3    2    3    0   25   13   13    4    2   11    6    0    5    9    0  733    6    0    0    0   12   44    4]
 [  26   34   25   10   15    2    7    5    1    3   66   12    1    2    6    9    0    5    9    0 1297    3    0    0    0   10   12    7]
 [  15   12   24   15    2    0    0    0    0    3    4   68    1    0   11    2    0    0    4    0  366    2    0    0    0    3    9    2]
 [   4    9    5    5    3    1    1    0    0    1    1    5   17    1    1    1    0    1    2    0  192    0    0    0    0    9    5    2]
 [  80   16    8    0    6    1    1    2    2    0    0    2    0   60    1    9    0   21   18    0  324   14    0    0    0    0    3    9]
 [  11    5    5    1    0    2    0    1    0    1    2    9    0    1  111    0    0    0    0    2  194    0    0    0    0    1   10    3]
 [  67   13    0    0    4    5    1    0    1    0    0    0    0    5    2 1059    0   22    6    0  189   22    0    0    0   16    7    3]
 [   2    2    4    0    0    0    0    0    1    0    0    1    0    1    2    0    1    0    0    0   56    0    0    0    0    5   12    0]
 [  90  100    2    2    1    5    0    1    1    1    2    1    0   25    3   23    0  148   62    0  383   16    2    0    0    0    3    3]
 [  76    8    5    1    1    2    0    3    0    0    0    0    0    2    0    4    0    8  604    0  313    5    0    0    0    0    5    1]
 [   0    1    0    1    2    0    0    2    0    1    0    1    0    1   10    0    0    1    1    8  122    2    0    0    0    1    4    1]
 [ 327  199  134   43   58   43   18  110   14   10   56   31    6   28   45   84    0   43  104    1 9483   78    1    3    0   24   68   44]
 [  37   14    1    1    3   15    2    2    9    2    5    0    0    3    2   17    0   10   10    0  542  194    2    0    0    2   11    2]
 [  27    3    0    0    0    1    0    0    1    1    1    0    0    0    0    3    0    5    1    0   85    1   10    0    0    0    1    1]
 [  26   18    3    2    4    1    4    2    1    4    5    3    3    0    6    6    0    3    4    0  840    4    0    0    0    4   10    7]
 [  10    1    0    0    1    6    0    0    0    0    0    0    0    1    0   14    0   15    0    1  118    2    0    0    0    0    3    0]
 [   2    7    0    1    1    2    0    0    0    2    3    0    1    0    1    9    0    1    4    0  140    2    0    0    0   98   31    0]
 [   7    9    9    5    1    5    0    1    2   11    6    3    0    0    9    7    1    3    8    2  427    8    0    1    0   49  179    1]
 [  45   20   12    4    0    1    4    6    0    2    3    3    0    6    5    4    0    2    5    0  460    2    0    0    0    1    2  107]]
~~T-MLP Confusion matrix for Sentiments~~
[[1025  682 1354  761]
 [ 340 4070 2193 1097]
 [ 774 2200 5504 2577]
 [ 345 1215 2317 7899]]-----------------------------------------------------

~~~~~~~~~~~~~~~~~~~~~~~~~~~~~~~~~~~~~~~~~~USING glove-twitter-200~~~~~~~~~~~~~~~~~~~~~~~~~~~~~~~~~~~~~~~~~~
~~~~~~MODEL: B-MLP ~~~~~~
~~B-MLP Classification report for Emotions (Twitter)~~
                precision    recall  f1-score   support

    admiration       0.50      0.42      0.46      2128
     amusement       0.47      0.31      0.37      1238
         anger       0.30      0.14      0.19      1011
     annoyance       0.20      0.03      0.06      1663
      approval       0.43      0.03      0.06      2206
        caring       0.25      0.08      0.12       655
     confusion       0.30      0.07      0.11      1000
     curiosity       0.31      0.25      0.28      1165
        desire       0.35      0.13      0.19       416
disappointment       0.23      0.03      0.05       959
   disapproval       0.27      0.04      0.07      1564
       disgust       0.36      0.15      0.21       542
 embarrassment       0.26      0.06      0.10       266
    excitement       0.34      0.06      0.11       576
          fear       0.51      0.29      0.38       356
     gratitude       0.61      0.51      0.55      1422
         grief       0.17      0.06      0.09        87
           joy       0.32      0.10      0.15       874
          love       0.59      0.52      0.55      1035
   nervousness       0.44      0.05      0.09       158
       neutral       0.38      0.85      0.52     10971
      optimism       0.36      0.13      0.19       886
         pride       0.50      0.05      0.09       140
   realization       0.20      0.01      0.02       959
        relief       0.08      0.01      0.01       171
       remorse       0.40      0.13      0.20       303
       sadness       0.33      0.18      0.24       750
      surprise       0.31      0.08      0.13       692

      accuracy                           0.39     34193
     macro avg       0.35      0.17      0.20     34193
  weighted avg       0.37      0.39      0.31     34193

~~B-MLP Classification report for Sentiments (Twitter)~~
              precision    recall  f1-score   support

   ambiguous       0.46      0.28      0.35      3816
    negative       0.47      0.52      0.50      7659
     neutral       0.46      0.46      0.46     10971
    positive       0.61      0.64      0.62     11747

    accuracy                           0.52     34193
   macro avg       0.50      0.48      0.48     34193
weighted avg       0.51      0.52      0.51     34193
~~B-MLP Confusion matrix for Emotions (Twitter)~~
[[ 889   18    3    5    9    9    1   19    5    2    8    2    1    7    4   67    0   25   76    0  948   19    0    1    1    0    1    8]
 [  35  386   10   19    7    0    4   19    7    0    2    2    1    0    1   14    0   21   13    0  674    2    0    6    0    1   10    4]
 [  11   11  139   29    1    5    4   13    1    1   10   25    1    0    3   11    1    3    6    0  722    2    0    1    0    1    6    4]
 [  15   14   86   53    6    3   10   24    4   13   14   18    4    1    7   14    2    5   11    2 1331    1    0    1    0    1   17    6]
 [  97   27    7    3   77   11    8   17   10    4   13    6    1    5    4   29    0   10   26    0 1804   16    0    4    4    3   13    7]
 [  19    2    2    3    3   53    0    3    2    0    5    1    0    0    3   27    0    3   12    1  480   22    1    0    1    2   10    0]
 [   3    9    8    2    0    1   65  136    2    1    4    2    0    2    2    2    2    1    4    0  743    1    0    1    0    0    4    5]
 [  11   14    3    3    1    1   29  292    3    0    0    1    1    2    4   12    0    2    6    0  765    2    0    0    0    0    2   11]
 [  14    8    3    0    1    5    3    5   55    0    1    1    0    1    0    6    0    6    8    0  280   16    0    0    0    0    3    0]
 [  14    9   15   12    4    2    3   15    0   25   20   15    4    0    5    8    0    2    8    0  743    4    0    2    0    5   39    5]
 [  18   23   16   19    8    3   13   14    2    4   63   12    2    1    8   14    1    3    9    1 1302    1    0    4    0    1   12   10]
 [   4    3   28   12    1    2    0    5    1    2    4   80    5    0   10    2    0    0    4    0  359    1    0    0    0    2   15    2]
 [   1    2    7    5    1    2    2    2    0    0    2    3   16    2    0    3    0    1    2    0  199    0    2    2    0    3    7    2]
 [  59   11    5    0    2    1    0    3    4    0    0    1    0   37    2   13    0   13   13    0  387    9    1    0    0    1    2   12]
 [   4    0    4    3    1    2    0    5    0    3    2    8    1    0  105    2    0    1    0    0  210    0    0    0    0    0    3    2]
 [  76   18    5    2    5   14    1    4    4    0    2    1    0    7    3  725    0   15   10    0  488   25    1    2    0    6    7    1]
 [   3    2    2    0    0    0    0    1    1    0    0    0    1    0    1    0    5    0    0    0   60    0    0    0    0    1   10    0]
 [  65   72    5    1    6    4    0    5    2    1    1    1    0    9    1   45    1   89   51    0  492   11    0    2    3    0    2    5]
 [  64    7    0    1    1    3    0    9    2    0    0    0    0    1    0    9    0   16  535    0  384    2    0    0    0    0    1    0]
 [   0    2    0    1    0    0    0    1    0    2    0    2    1    0    1    0    0    0    1    8  135    0    0    0    0    0    4    0]
 [ 241  142   94   66   36   44   59  292   36   33   54   32   15   24   28  115    6   34   87    6 9348   53    1    6    2    8   69   40]
 [  32    5    2    2    1   26    3    0   15    0    2    1    0    2    0   32    0    7    9    0  626  117    0    0    1    0    3    0]
 [  20    1    0    0    0    1    0    0    1    0    1    0    0    1    0    2    0    3    1    0   99    2    7    0    0    0    1    0]
 [  17   11    7    3    5    4    5   13    0    1    5    2    1    2    6    9    2    2    4    0  832    3    0   10    0    2    7    6]
 [   6    2    0    0    0    4    0    1    0    0    1    0    0    1    1   11    0    9    0    0  123    4    0    1    1    0    6    0]
 [   1    4    0    1    1    2    0    5    0    2    3    0    3    0    0    9    1    1    2    0  204    2    0    2    0   39   21    0]
 [  11    9    6    8    3    7    2    2    1   11   10    2    3    1    4    5    7    3    9    0  477    6    0    4    0   21  138    0]
 [  36   14    8   11    1    1    6   25    0    2    3    4    0    2    1    9    1    3    2    0  496    3    1    1    0    0    4   58]]
~~B-MLP Confusion matrix for Sentiments (Twitter)~~
[[1070  740 1318  688]
 [ 282 3982 2134 1261]
 [ 719 2323 5069 2860]
 [ 263 1377 2586 7521]]
-----------------------------------------------------

~~~~~~~~~~~~~~~~~~~~~~~~~~~~~~~~~~~~~~~~~~USING glove-wiki-gigaword-300~~~~~~~~~~~~~~~~~~~~~~~~~~~~~~~~~~~~~~~~~~
~~B-MLP Classification report for Emotions (Wiki)~~
                precision    recall  f1-score   support

    admiration       0.44      0.43      0.43      2129
     amusement       0.46      0.36      0.40      1237
         anger       0.28      0.20      0.24      1011
     annoyance       0.22      0.04      0.07      1664
      approval       0.25      0.04      0.06      2206
        caring       0.32      0.10      0.16       655
     confusion       0.26      0.06      0.10      1000
     curiosity       0.34      0.20      0.25      1165
        desire       0.37      0.15      0.21       417
disappointment       0.19      0.02      0.04       959
   disapproval       0.25      0.07      0.11      1564
       disgust       0.27      0.17      0.21       542
 embarrassment       0.44      0.07      0.12       266
    excitement       0.39      0.07      0.13       576
          fear       0.44      0.28      0.35       357
     gratitude       0.51      0.54      0.53      1422
         grief       0.23      0.06      0.09        87
           joy       0.35      0.12      0.18       874
          love       0.58      0.50      0.54      1035
   nervousness       0.43      0.08      0.13       158
       neutral       0.38      0.81      0.52     10973
      optimism       0.41      0.12      0.19       886
         pride       0.64      0.05      0.09       140
   realization       0.35      0.01      0.01       959
        relief       0.00      0.00      0.00       172
       remorse       0.37      0.20      0.26       305
       sadness       0.31      0.24      0.27       750
      surprise       0.28      0.08      0.13       692

      accuracy                           0.39     34201
     macro avg       0.35      0.18      0.21     34201
  weighted avg       0.36      0.39      0.32     34201

~~B-MLP Classification report for Sentiments (Wiki)~~
              precision    recall  f1-score   support

   ambiguous       0.43      0.27      0.33      3816
    negative       0.49      0.49      0.49      7663
     neutral       0.44      0.53      0.48     10973
    positive       0.64      0.59      0.61     11749

    accuracy                           0.51     34201
   macro avg       0.50      0.47      0.48     34201
weighted avg       0.52      0.51      0.51     34201
~~B-MLP Confusion matrix for Emotions (Wiki)~~
[[ 916   28   17    6   27    3    1    5    5    1    4    9    1    9    6  102    0   22   77    0  855   13    3    0    1    1    8    9]
 [  50  442   17   12    9    0    4    9    3    4    5    3    0    2    1   20    0   20   13    0  595    0    0    2    0    1   16    9]
 [   9    8  203   43    2    3    4   15    3    2   18   29    0    0    3   11    0    2    6    0  627    1    0    0    0    2   17    3]
 [  25   22  121   72    7    7    8   20    5   10   32   28    2    4   12   21    2    6    7    2 1215    2    0    1    2    2   24    5]
 [ 145   36   15    8   78   15    6   12    6    6   26   10    0    3    3   47    0   10   24    1 1699   15    0    1    4    6   23    7]
 [  16    4    7    5    9   67    0    2    5    4    6    5    0    0    2   37    0    6   14    1  428   11    0    0    1    2   21    2]
 [   9   16   13    9    4    0   60   87    2    1   14    3    0    0    2    8    1    1    4    2  749    2    0    1    0    1    8    3]
 [  23   13   12    3    5    1   47  231    1    0    5    1    1    4    1   15    0    1    8    0  773    2    0    0    0    0    3   15]
 [  18    6    2    2    5    2    1    2   61    4    3    1    0    0    0   11    0    5    9    0  269   12    0    0    0    0    3    1]
 [  15    5   19   12    3    3    2    7    4   23   24   21    2    1   10   14    0    3    8    1  721    7    0    1    0    7   41    5]
 [  21   17   27   23   11    4    4    9    2    8  115   18    0    0    5   22    3    5    8    0 1223    5    0    1    1    6   19    7]
 [   9    7   35   12    2    0    0    0    1    4   10   94    2    0   10    4    0    0    6    0  334    1    0    0    0    4    6    1]
 [   4    3    6    6    1    0    0    0    1    4    5    7   19    1    1    6    0    1    4    0  184    0    0    0    0    5    8    0]
 [  68    9    5    3    2    1    1    1    4    1    2    3    0   43    0   27    0   12   16    0  363    6    0    0    0    0    0    9]
 [   3    4    6    3    0    2    0    0    1    2    3   14    1    0  101    3    0    0    0    3  202    1    0    0    0    1    5    2]
 [  95   14    6    2    6    9    2    7    3    1    6    0    0    7    3  773    0   18    6    0  422   16    0    0    0    8   13    5]
 [   3    2    1    0    0    0    0    0    1    0    0    0    0    0    3    1    5    0    0    0   58    0    0    0    0    1   12    0]
 [  67   88    4    3    8    4    0    3    7    1    3    3    0    9    2   46    1  105   51    1  442   10    0    0    1    1    6    8]
 [  86   11    8    3    1    4    2    1    2    0    0    2    0    4    0   16    0   15  521    0  355    2    0    0    0    1    1    0]
 [   1    2    2    2    2    3    1    1    1    2    2    4    1    0    3    1    0    1    2   12  105    1    0    0    0    0    9    0]
 [ 365  186  157   79   95   44   71  230   30   19  135   61   12   18   43  192    5   40   91    4 8894   36    1    2    2   19   93   49]
 [  40    7    4    1    7   18    0    1   14    1   10    1    0    2    2   49    0   11   12    0  584  109    0    0    0    2    9    2]
 [  28    1    0    0    1    1    0    0    1    1    0    0    0    1    0    8    0    2    1    0   87    0    7    0    0    0    1    0]
 [  26   12    6    3   14    2    6    8    2    6   14    9    0    0    5   11    2    1    5    0  793    5    0    6    0    6   11    6]
 [  11    3    1    1    2    6    0    0    0    0    2    1    0    1    1   16    0    6    0    0  113    3    0    0    0    0    4    1]
 [   6    3    2    4    3    0    0    3    0    2    1    0    2    0    1   10    0    0    1    0  170    1    0    1    0   60   35    0]
 [   9    5    6    9    6    8    0    0    1   10   10   11    0    0    4   13    3    5    9    1  425    5    0    0    1   25  182    2]
 [  37   12   12    1    0    1   10   21    0    2    4    4    0    1    3   17    0    3    2    0  498    2    0    1    0    0    3   58]]
~~B-MLP Confusion matrix for Sentiments (Wiki)~~
[[1027  601 1613  575]
 [ 296 3720 2609 1038]
 [ 755 2041 5826 2351]
 [ 303 1236 3257 6953]]