~~~~~~MODEL: Base-MNB: HYPERPARAMETERS: None~~~~~~
~~Base-MNB Classification report for Emotions~~
                precision    recall  f1-score   support

    admiration       0.50      0.46      0.48      2135
     amusement       0.52      0.29      0.37      1242
         anger       0.35      0.12      0.18      1029
     annoyance       0.17      0.06      0.09      1669
      approval       0.22      0.09      0.13      2212
        caring       0.24      0.06      0.10       656
     confusion       0.29      0.05      0.09      1001
     curiosity       0.38      0.11      0.17      1167
        desire       0.47      0.04      0.07       422
disappointment       0.26      0.03      0.06       962
   disapproval       0.25      0.08      0.12      1567
       disgust       0.43      0.06      0.11       543
 embarrassment       0.09      0.00      0.01       266
    excitement       0.34      0.04      0.07       578
          fear       0.38      0.03      0.05       359
     gratitude       0.75      0.68      0.71      1422
         grief       0.00      0.00      0.00        87
           joy       0.37      0.12      0.18       874
          love       0.66      0.35      0.46      1038
   nervousness       0.00      0.00      0.00       159
       neutral       0.37      0.85      0.51     11062
      optimism       0.39      0.12      0.19       887
         pride       0.00      0.00      0.00       141
   realization       0.23      0.03      0.05       960
        relief       0.00      0.00      0.00       172
       remorse       0.38      0.04      0.07       305
       sadness       0.44      0.09      0.15       755
      surprise       0.40      0.08      0.14       694

      accuracy                           0.39     34364
     macro avg       0.32      0.14      0.16     34364
  weighted avg       0.37      0.39      0.31     34364

~~Base-MNB Classification report for Sentiments~~
              precision    recall  f1-score   support

   ambiguous       0.42      0.24      0.30      3822
    negative       0.53      0.52      0.52      7701
     neutral       0.48      0.49      0.48     11062
    positive       0.62      0.70      0.66     11779

    accuracy                           0.54     34364
   macro avg       0.51      0.49      0.49     34364
weighted avg       0.53      0.54      0.53     34364

~~Base-MNB Confusion matrix for Emotions~~
[[ 980   12    1   11   45    7    1    8    0    1    7    1    1    2
     0   48    0   14   44    0  926    9    0    2    0    0    2   13]
 [  35  359    4   20   16    0    2    2    2    0    7    0    0    1
     0    8    0   16    8    0  755    1    0    2    0    0    1    3]
 [  10    4  121   72    9    4    0    8    0    5   20    6    0    3
     1    7    0    1    5    0  746    2    0    1    0    0    3    1]
 [  31    8   48  107   34    8    5    8    0    9   27   11    1    0
     1   16    0    3    4    0 1329    4    0    5    0    0    7    3]
 [  94   11    2   27  194   10   13    8    2    1   25    1    1    3
     0   14    0    6   10    0 1761   15    0    7    0    0    5    2]
 [   6    1    2    7   14   40    2    3    0    4    6    0    0    0
     0   19    0    4    1    0  527   16    0    0    0    2    2    0]
 [   6    5    2   11   22    0   51   25    1    2   14    1    0    0
     1    6    0    2    1    0  838    3    0    9    0    0    0    1]
 [  16    9    1    7   24    2   11  123    0    0   13    0    0    0
     0    4    0    4    3    0  939    3    0    1    0    0    3    4]
 [  12    2    1    5    9    3    0    2   17    1    3    1    0    1
     0    2    0    2    2    0  348   10    0    1    0    0    0    0]
 [  16    9    7   24   20    4    1    3    0   33   17    6    0    1
     1    5    0    3    2    0  793    4    0    5    0    1    6    1]
 [  12   17    9   50   30    4    7    3    0   10  120    5    0    0
     0    9    0    3    3    0 1270    4    0    5    1    0    3    2]
 [  10    4   20   26   13    1    1    3    0    4   10   35    2    0
     1    1    0    1    2    0  404    1    0    0    0    1    3    0]
 [   2    2    4   11    4    2    0    2    0    0    1    2    1    0
     0    2    0    1    1    0  224    1    0    1    0    2    1    2]
 [  66   12    5    7   16    2    0    4    0    1    5    0    0   24
     0    8    0   36   11    0  368    4    0    1    0    0    2    6]
 [   9    3    0   11    8    0    0    0    0    2    5    1    0    1
    10    1    0    0    0    0  294    2    0    5    0    0    4    3]
 [  75   10    0    3   11    7    3    1    0    0    1    0    0    0
     0  966    0   16    2    0  305   18    0    2    0    1    1    0]
 [   2    2    1    1    2    0    0    1    0    0    0    0    0    0
     1    1    0    0    0    0   73    1    0    0    0    0    2    0]
 [  77   66    0    3   12    4    0    1    1    1    2    0    0    6
     0   26    0  107   29    0  520   12    0    2    0    0    0    5]
 [  75    4    1    4   12    1    0    1    0    0    2    0    0    1
     0    5    0   10  364    0  556    0    0    0    0    0    1    1]
 [   0    0    0    2    7    1    1    2    0    0    1    0    0    0
     0    2    0    0    0    0  139    3    0    0    0    0    0    1]
 [ 261  120   93  173  283   42   56   92   10   34  150   11    2   27
     8   80    1   43   54    0 9363   42    1   49    1    3   27   36]
 [  42    5    1    6   27   12    4    4    3    0   11    0    0    0
     0   19    0    3    3    0  637  109    0    1    0    0    0    0]
 [  30    0    1    0    5    1    1    1    0    0    2    0    0    0
     0    1    0    5    0    0   94    0    0    0    0    0    0    0]
 [  20    6    5   11   24    1    5    5    0    4   15    0    2    0
     0    6    0    3    2    0  811    5    0   30    0    0    1    4]
 [  12    1    1    0    4    4    1    0    0    0    1    0    0    0
     0   12    0    4    0    0  131    1    0    0    0    0    0    0]
 [   1    1    0    1    5    3    0    0    0    2    1    0    0    0
     1   12    0    0    0    0  251    1    0    1    0   12   13    0]
 [   9    5    1   17    9    4    5    3    0    8    9    1    1    1
     0    7    0    2    2    0  584    6    0    1    0   10   70    0]
 [  43   10   11    8   12    1    8    8    0    4    2    0    0    0
     1    4    0    0    1    0  518    1    0    2    0    0    2   58]]
~~Base-MNB Confusion matrix for Sentiments~~
[[ 900  608 1441  873]
 [ 292 4002 2192 1215]
 [ 648 1985 5400 3029]
 [ 320  967 2255 8237]]