~~~~~~Tests Below Generated Using TF-IDF~~~~~
-----------------------------------------------------
~~~~~~MODEL: Base-MNB: HYPERPARAMETERS: None~~~~~~
~~Base-MNB Classification report for Emotions~~
                precision    recall  f1-score   support

    admiration       0.64      0.11      0.18      2135
     amusement       0.77      0.03      0.06      1242
         anger       0.69      0.01      0.02      1029
     annoyance       0.40      0.00      0.01      1669
      approval       0.49      0.01      0.02      2212
        caring       0.00      0.00      0.00       656
     confusion       0.67      0.00      0.00      1001
     curiosity       0.43      0.00      0.01      1167
        desire       0.00      0.00      0.00       422
disappointment       0.00      0.00      0.00       962
   disapproval       0.25      0.00      0.00      1567
       disgust       0.80      0.01      0.01       543
 embarrassment       0.00      0.00      0.00       266
    excitement       1.00      0.01      0.01       578
          fear       0.00      0.00      0.00       359
     gratitude       0.91      0.30      0.45      1422
         grief       0.00      0.00      0.00        87
           joy       0.34      0.01      0.02       874
          love       0.80      0.04      0.08      1038
   nervousness       0.00      0.00      0.00       159
       neutral       0.33      0.99      0.50     11062
      optimism       0.42      0.01      0.01       887
         pride       0.00      0.00      0.00       141
   realization       1.00      0.00      0.00       960
        relief       0.00      0.00      0.00       172
       remorse       0.00      0.00      0.00       305
       sadness       0.50      0.00      0.00       755
      surprise       0.67      0.00      0.01       694

      accuracy                           0.34     34364
     macro avg       0.40      0.05      0.05     34364
  weighted avg       0.45      0.34      0.20     34364

~~Base-MNB Classification report for Sentiments~~
              precision    recall  f1-score   support

   ambiguous       0.62      0.04      0.08      3822
    negative       0.60      0.34      0.44      7701
     neutral       0.44      0.58      0.50     11062
    positive       0.57      0.74      0.64     11779

    accuracy                           0.52     34364
   macro avg       0.56      0.43      0.41     34364
weighted avg       0.54      0.52      0.49     34364

~~Base-MNB Confusion matrix for Emotions~~
[[  228     0     0     0     1     0     0     0     0     0     0     0     0     0     0     8     0     1     4     0  1893     0     0     0     0     0     0     0]
 [    7    37     0     0     0     0     0     0     0     0     0     0     0     0     0     0     0     1     1     0  1195     0     0     0     0     0     1     0]
 [    1     0    11     2     0     0     0     0     0     1     2     0     0     0     0     4     0     0     0     0  1008     0     0     0     0     0     0     0]
 [    0     0     1     6     0     0     0     0     0     0     0     0     0     0     0     1     0     0     0     0  1661     0     0     0     0     0     0     0]
 [   16     0     0     2    18     0     0     0     0     0     0     0     0     0     0     2     0     0     0     0  2174     0     0     0     0     0     0     0]
 [    1     0     1     0     0     0     0     0     0     0     0     0     0     0     0     2     0     0     0     0   651     1     0     0     0     0     0     0]
 [    1     0     0     0     0     0     2     2     0     0     0     0     0     0     0     1     0     0     0     0   995     0     0     0     0     0     0     0]
 [    3     0     0     0     0     0     0     3     0     0     0     0     0     0     0     2     0     0     0     0  1159     0     0     0     0     0     0     0]
 [    1     0     0     0     0     0     0     0     0     0     0     0     0     0     0     0     0     0     0     0   421     0     0     0     0     0     0     0]
 [    0     0     0     1     1     0     0     0     0     0     0     1     0     0     0     1     0     0     0     0   958     0     0     0     0     0     0     0]
 [    0     1     0     0     2     0     0     0     0     0     1     0     0     0     0     1     0     0     0     0  1562     0     0     0     0     0     0     0]
 [    0     0     0     0     0     0     0     0     0     0     0     4     0     0     0     1     0     0     0     0   538     0     0     0     0     0     0     0]
 [    0     0     0     0     0     0     0     0     0     0     0     0     0     0     0     0     0     0     0     0   266     0     0     0     0     0     0     0]
 [   14     1     0     0     0     0     0     0     0     0     0     0     0     3     0     1     0     7     0     0   551     1     0     0     0     0     0     0]
 [    0     0     0     0     0     0     0     0     0     0     0     0     0     0     0     0     0     0     0     0   359     0     0     0     0     0     0     0]
 [   16     0     0     0     0     0     0     0     0     0     0     0     0     0     0   423     0     6     0     0   974     3     0     0     0     0     0     0]
 [    0     0     0     0     0     0     0     0     0     0     0     0     0     0     0     0     0     0     0     0    87     0     0     0     0     0     0     0]
 [   15     3     0     0     1     0     0     0     0     0     0     0     0     0     0     2     0    10     5     0   838     0     0     0     0     0     0     0]
 [   12     0     0     0     1     0     0     0     0     0     0     0     0     0     0     0     0     0    44     0   981     0     0     0     0     0     0     0]
 [    0     0     0     0     0     0     0     0     0     0     0     0     0     0     0     0     0     0     0     0   159     0     0     0     0     0     0     0]
 [   27     5     3     3     9     1     0     2     0     1     1     0     0     0     0    14     0     3     1     0 10989     2     0     0     0     0     0     1]
 [    3     0     0     0     2     0     0     0     0     0     0     0     0     0     0     0     0     1     0     0   876     5     0     0     0     0     0     0]
 [    4     0     0     0     0     0     0     0     0     0     0     0     0     0     0     0     0     0     0     0   137     0     0     0     0     0     0     0]
 [    1     0     0     0     2     0     0     0     0     0     0     0     0     0     0     0     0     0     0     0   956     0     0     1     0     0     0     0]
 [    0     0     0     0     0     0     0     0     0     0     0     0     0     0     0     1     0     0     0     0   171     0     0     0     0     0     0     0]
 [    0     0     0     0     0     0     0     0     0     0     0     0     0     0     0     1     0     0     0     0   304     0     0     0     0     0     0     0]
 [    0     1     0     1     0     0     0     0     0     0     0     0     0     0     0     0     0     0     0     0   752     0     0     0     0     0     1     0]
 [    4     0     0     0     0     0     1     0     0     0     0     0     0     0     0     0     0     0     0     0   687     0     0     0     0     0     0     2]]
~~Base-MNB Confusion matrix for Sentiments~~
[[ 154  303 2128 1237]
 [  21 2648 3235 1797]
 [  49 1015 6407 3591]
 [  24  427 2647 8681]]-----------------------------------------------------

~~~~~~MODEL: Base-DT: HYPERPARAMETERS: None~~~~~~
~~Base-DT Classification report for Emotions~~
                precision    recall  f1-score   support

    admiration       0.41      0.55      0.47      2135
     amusement       0.41      0.58      0.48      1242
         anger       0.24      0.37      0.29      1029
     annoyance       0.15      0.22      0.17      1669
      approval       0.20      0.27      0.23      2212
        caring       0.18      0.25      0.21       656
     confusion       0.24      0.31      0.27      1001
     curiosity       0.32      0.36      0.34      1167
        desire       0.25      0.28      0.26       422
disappointment       0.16      0.17      0.16       962
   disapproval       0.25      0.24      0.25      1567
       disgust       0.28      0.23      0.25       543
 embarrassment       0.20      0.20      0.20       266
    excitement       0.22      0.22      0.22       578
          fear       0.42      0.40      0.41       359
     gratitude       0.75      0.72      0.73      1422
         grief       0.13      0.10      0.12        87
           joy       0.28      0.23      0.25       874
          love       0.59      0.51      0.54      1038
   nervousness       0.20      0.13      0.16       159
       neutral       0.51      0.43      0.46     11062
      optimism       0.35      0.19      0.24       887
         pride       0.16      0.05      0.08       141
   realization       0.17      0.07      0.10       960
        relief       0.19      0.08      0.11       172
       remorse       0.41      0.30      0.35       305
       sadness       0.34      0.18      0.24       755
      surprise       0.35      0.20      0.26       694

      accuracy                           0.36     34364
     macro avg       0.30      0.28      0.28     34364
  weighted avg       0.38      0.36      0.36     34364

~~Base-DT Classification report for Sentiments~~
              precision    recall  f1-score   support

   ambiguous       0.36      0.49      0.41      3822
    negative       0.51      0.60      0.55      7701
     neutral       0.51      0.47      0.49     11062
    positive       0.71      0.59      0.64     11779

    accuracy                           0.54     34364
   macro avg       0.52      0.54      0.52     34364
weighted avg       0.56      0.54      0.55     34364

~~Base-DT Confusion matrix for Emotions~~
[[1169   46   22   39  155   28   18   21   12   13   19    3    5   37    5   59    3   45   82    1  283   18   11   11    2    0    2   26]
 [  66  724   14   44   37    5   15   11    4   11   19    1    8   19    4    7    0   55   13    0  156    6    0   11    1    1    5    5]
 [  16   25  377  172   35    7   17   20    5   28   52   30    2    8    5    5    0    6    2    0  192    2    0    6    1    0    7    9]
 [  50   67  231  361  108   36   40   34   16   63   94   42   19   12   15   13    2   11    7    5  381    6    1   11    5    4   20   15]
 [ 179   57   54  140  597   69   43   35   37   47   72   16   13   26    6   19    2   31   22    4  664   26    4   23    5    5    7    9]
 [  32   18   14   46   74  167   13   12   11   19   16    1    3    4    4   18    2    8    9   10  135   19    1    5    2    5    8    0]
 [  18   27   25   72   57    9  310  116    3   15   34    7    8    6    5    3    2    4    4    0  245    4    1   10    0    1    6    9]
 [  35   27   35   69   44    8  165  421    9   11   13    2    6   13    3    3    0    5    9    0  249    6    2    4    2    0    2   24]
 [  19   11    6   18   44    9   10   11  120   11    8    0    1   11    1    3    1    8    6    0   92   25    0    5    1    0    1    0]
 [  15   30   52  113   70   24   21   11    3  166   71   23    6    9   15    3    3    9    5    4  229    3    1   16    3   11   34   12]
 [  35   51   75  206  126   31   43   32   11   87  377   16   13    7    9    6    0    7    6    1  360    7    0   21    1    5   20   14]
 [  15   19   62   78   23    7   13    8    3   28   31  127    7    4   10    0    0    1    1    1   89    3    0    1    0    4    7    1]
 [   2    9   19   25   24    3    5    4    3    7   15   14   52    2    2    0    3    1    2    3   55    1    0    3    0    5    2    5]
 [  81   35   10   15   44   11    6   27   11    5    5    0    1  129    0    7    0   28   11    0  119    9    1    3    0    1    3   16]
 [   7    7    8   24   22    5    8    6    1   16   10   14    4    1  144    0    4    1    0    5   54    3    0    4    0    0    5    6]
 [ 107   17    9   23   32   19    7    4    5    7    9    1    1   17    0 1020    1   34    9    0   52   17    3    0   12   13    3    0]
 [   4    2    4    3    6    5    1    3    3    1    5    2    2    0    3    2    9    0    0    1   17    0    1    0    0    3   10    0]
 [  97  120   10   26   56   20    4    7   15   10   12    3    2   51    3   35    2  200   47    1  117   17    0   10    2    0    1    6]
 [ 147   15    8   14   62   17   10    8    8    6    7    4    0   24    1   15    0   53  526    0   94    6    1    4    2    1    2    3]
 [   3    2    5   12   16   14    5    3    2   17    4    2    4    2    7    0    0    1    1   21   27    3    0    2    0    1    5    0]
 [ 504  365  463  753 1011  269  389  440  132  288  483  120   64  151   78   92   15  130  113   33 4731  113    7  133    9   20   75   81]
 [  75   17   11   42  110   53   21   10   50   21   31    3    1   18    4   15    1   17   10    1  191  168    0    5    3    1    2    6]
 [  33    4    3    7   19    6    2    1    0    1    3    1    1    3    0    3    1   10    0    0   30    4    7    2    0    0    0    0]
 [  38   30   24   59  114   18   37   21    8   42   51    4    8    8    5    5    5   10    2    2  355    7    2   66    3   16    6   14]
 [  18    4    1    5   22   10    2    0    2    8    5    1    0    4    0    7    0   19    0    0   44    3    0    2   13    0    2    0]
 [   4    2    3   18   15   18    8    4    2   14    5    1   11    0    2   18    1    1    2    3   51    2    0    5    0   92   22    1]
 [  13    9   24   62   37   35   12    5    4   87   38   12   10    7    8    7   11    7    5    7  160    3    0   17    0   36  137    2]
 [  58   33   25   28   39    5   41   33    4   27   19    9    9   22    3    4    1    9    0    0  162    4    0   11    0    2    6  140]]
~~Base-DT Confusion matrix for Sentiments~~
[[1860  633  904  425]
 [ 836 4628 1533  704]
 [1625 2512 5227 1698]
 [ 860 1357 2612 6950]]-----------------------------------------------------

~~~~~~MODEL: Base-MLP: HYPERPARAMETERS: None~~~~~~
~~Base-MLP Classification report for Emotions~~
                precision    recall  f1-score   support

    admiration       0.51      0.45      0.48      2135
     amusement       0.46      0.50      0.48      1242
         anger       0.26      0.31      0.29      1029
     annoyance       0.17      0.15      0.16      1669
      approval       0.23      0.18      0.20      2212
        caring       0.22      0.21      0.22       656
     confusion       0.25      0.24      0.24      1001
     curiosity       0.34      0.31      0.32      1167
        desire       0.27      0.23      0.25       422
disappointment       0.16      0.16      0.16       962
   disapproval       0.27      0.18      0.22      1567
       disgust       0.25      0.25      0.25       543
 embarrassment       0.19      0.24      0.21       266
    excitement       0.22      0.18      0.20       578
          fear       0.39      0.45      0.42       359
     gratitude       0.75      0.72      0.73      1422
         grief       0.10      0.06      0.07        87
           joy       0.27      0.27      0.27       874
          love       0.56      0.56      0.56      1038
   nervousness       0.19      0.17      0.18       159
       neutral       0.48      0.56      0.52     11062
      optimism       0.29      0.27      0.28       887
         pride       0.14      0.16      0.15       141
   realization       0.16      0.12      0.14       960
        relief       0.18      0.17      0.17       172
       remorse       0.37      0.37      0.37       305
       sadness       0.28      0.31      0.29       755
      surprise       0.35      0.26      0.29       694

      accuracy                           0.39     34364
     macro avg       0.30      0.29      0.29     34364
  weighted avg       0.38      0.39      0.38     34364

~~Base-MLP Classification report for Sentiments~~
              precision    recall  f1-score   support

   ambiguous       0.39      0.42      0.40      3822
    negative       0.54      0.53      0.53      7701
     neutral       0.51      0.49      0.50     11062
    positive       0.66      0.68      0.67     11779

    accuracy                           0.55     34364
   macro avg       0.52      0.53      0.53     34364
weighted avg       0.55      0.55      0.55     34364

~~Base-MLP Confusion matrix for Emotions~~
[[ 951   34   17   30  129   19   13   19   12    8   14    6    6   40    7   74    1   79  104    4  433   40   32   18   10    0    9   26]
 [  40  625   13   39   24    6   25    8    4   15   12    6   10   20    3    9    0   83   15    2  232   11    1   16    2    2   14    5]
 [  10   12  324  131   16    8   16   16    0   31   47   39    7    8    9    6    3    3    4    0  286    6    3   12    3    1   18   10]
 [  24   39  181  251   59   30   35   24   13   60   79   68   28   13   18   13    2   12    9   10  578   17    3   31    7    8   39   18]
 [ 104   37   42   71  401   48   41   23   27   43   50   19   19   27   11   16    1   42   33    1  964   57   11   47   17    7   37   16]
 [  10   12    9   23   39  141    8    9    7   17   10    6    2    5    8   17    2   11   10    9  229   30    5    5    6    8   18    0]
 [   9   18   20   35   26    5  239  121    3   21   30   12   10    7    6    6    1    5    7    4  362   13    3   18    0    2    7   11]
 [  17   15   19   36   30    5  112  356    7    9   13    3    4   16    7    5    0   12   10    4  417   12    3   10    2    3   10   30]
 [  11    7    1   12   28    9    9    6   95   14    8    0    1   10    0    4    0    9    9    2  129   41    0    7    2    2    5    1]
 [   9   19   32   71   32   16   18    6    3  153   41   24   14   11   17    1    3   10    6    9  332    9    4   20    5   16   68   13]
 [  18   34   55  111   64   23   41   22    8   82  285   35   22    2    9    7    0    7    6    2  589   16    3   53    2   11   43   17]
 [   5    9   50   54    7    4   14    7    1   22   24  135   11    3   15    1    0    4    1    4  131    2    0    7    0    6   22    4]
 [   2    7   15   17    6    3    4    2    2   11    7   14   63    1    1    0    3    3    3    2   71    4    2    4    0    6    8    5]
 [  55   30   10    8   17    5    6   22   10    2    4    1    2  105    1    9    0   48   18    2  168   18    2    4    1    1    6   23]
 [   5    5    6   13    9    4    6    5    0    9    4   14    6    2  161    0    3    0    0    5   74    2    0    7    1    0   11    7]
 [  77   13    7   11   24   15   13    4    3    5    5    1    1   12    1 1017    0   44   15    1   81   25    6    5   13   17    4    2]
 [   1    2    2    2    1    1    0    1    2    1    4    2    2    0    4    1    5    0    1    1   28    2    2    0    1    6   15    0]
 [  59   98    6   13   25   11    0    4   11    8   10    2    1   25    5   29    1  233   62    1  192   33    9   13    9    0    4   10]
 [  76   11    4   10   40   20    8    6    6    7    1    2    1   17    3   14    0   47  579    0  151   12    1    7    3    2    7    3]
 [   1    1    4    8    7    9    2    3    0   13    2    2    4    1    9    0    0    1    2   27   42    2    0    3    0    3   11    2]
 [ 269  254  348  430  573  173  265  331   81  262  288  115   82  104   82   72   11  150  123   37 6186  194   34  246   34   30  181  107]
 [  36   12   11   20   51   37   14    6   36   20   27    6    2   14    3   17    1   20    7    0  257  239    9   17    9    5    6    5]
 [  17    3    1    5   10    2    1    1    2    0    4    1    2    2    1    5    0   10    1    0   40    3   23    1    2    1    3    0]
 [  19   18   18   33   65   12   24   14    8   43   33    7   12    9   12    5    4   10    2    4  427   15    3  113    6   18   13   13]
 [   9    3    0    1   13    5    1    1    0    9    6    1    0    1    0    5    0   14    0    0   62    6    1    2   29    0    1    2]
 [   0    3    3   10    7    7    3    4    1    9    5    2   10    1    4   12    1    2    4    2   49    2    1    6    0  114   42    1]
 [   5    5   18   29   14   21   12    3    2   67   26   15    9    6    9    7    6    4    4   10  180    7    1   16    1   42  234    2]
 [  30   22   13   14   20    5   33   28    2   26   10    7    9   23    4    6    1   10    3    1  215    6    2   19    0    1    7  177]]
~~Base-MLP Confusion matrix for Sentiments~~
[[1588  559 1086  589]
 [ 596 4061 1960 1084]
 [1272 1881 5393 2516]
 [ 604  990 2208 7977]]-----------------------------------------------------

~~~~~~MODEL: T-MNB: HYPERPARAMETERS: As chosen by GridSearchCV
	Emotions: MultinomialNB(alpha=0) 
	Sentiments: MultinomialNB(alpha=0)~~~~~~
~~T-MNB Classification report for Emotions~~
                precision    recall  f1-score   support

    admiration       0.56      0.38      0.45      2135
     amusement       0.48      0.29      0.36      1242
         anger       0.33      0.15      0.21      1029
     annoyance       0.18      0.06      0.09      1669
      approval       0.24      0.07      0.11      2212
        caring       0.27      0.12      0.17       656
     confusion       0.28      0.08      0.13      1001
     curiosity       0.39      0.14      0.20      1167
        desire       0.31      0.13      0.18       422
disappointment       0.21      0.06      0.09       962
   disapproval       0.28      0.09      0.13      1567
       disgust       0.34      0.14      0.20       543
 embarrassment       0.22      0.11      0.15       266
    excitement       0.27      0.11      0.16       578
          fear       0.44      0.26      0.33       359
     gratitude       0.76      0.61      0.68      1422
         grief       0.13      0.08      0.10        87
           joy       0.35      0.17      0.23       874
          love       0.61      0.35      0.45      1038
   nervousness       0.22      0.09      0.13       159
       neutral       0.38      0.81      0.51     11062
      optimism       0.37      0.15      0.21       887
         pride       0.14      0.09      0.11       141
   realization       0.18      0.05      0.07       960
        relief       0.12      0.05      0.07       172
       remorse       0.35      0.21      0.26       305
       sadness       0.36      0.15      0.21       755
      surprise       0.34      0.17      0.23       694

      accuracy                           0.39     34364
     macro avg       0.33      0.18      0.22     34364
  weighted avg       0.37      0.39      0.33     34364

~~T-MNB Classification report for Sentiments~~
              precision    recall  f1-score   support

   ambiguous       0.46      0.17      0.25      3822
    negative       0.55      0.45      0.50      7701
     neutral       0.46      0.53      0.49     11062
    positive       0.59      0.69      0.64     11779

    accuracy                           0.53     34364
   macro avg       0.52      0.46      0.47     34364
weighted avg       0.53      0.53      0.52     34364

~~T-MNB Confusion matrix for Emotions~~
[[ 811   16    4    9   37   10    3   10    5    5   11    3    1   17    4   56    0   26   58    3  986   12   12    5    5    0    2   24]
 [  26  357    5   18   13    1    3    5    2    6    7    2    3    5    3    6    0   24    9    1  723    2    1    8    1    0    6    5]
 [  10    9  157   60    8    2    3    7    1    6   27   17    1    6    3    4    1    1    2    0  688    2    0    3    1    1    5    4]
 [  14   14   74  102   32    8   12   11    4   22   30   24    6    4    7   14    2    4    7    3 1223    5    2    8    2    4   19   12]
 [  74   16   11   32  159   23   14   10    9    9   23    6   10    7    2   18    4   16    9    1 1684   30    7   11    5    7    5   10]
 [   4    3    8    4   11   78    4    3    4    7    3    4    0    2    0   16    0    5    2    2  459   15    1    2    4    8    6    1]
 [   4    9    4   13   11    0   82   42    1    6   14    2    2    5    6    6    2    2    3    0  759    7    3    8    0    0    1    9]
 [  11    9    2   16   13    2   24  161    0    1   11    1    3    7    2    9    0    3    4    0  855    5    2    3    0    1    5   17]
 [   6    1    0    6    7    3    0    2   54    2    1    0    0    5    0    1    1    3    2    2  305   12    0    3    1    1    4    0]
 [   9    6    9   27    7    9    7    3    1   59   16   12    3    1   10    3    0    5    4    6  716    4    3    4    1    7   25    5]
 [   8   20   17   41   31    4    8    8    2   18  137   10   10    1    5    5    1    4    4    3 1180    7    0   14    1    6   11   11]
 [   2    5   22   22    6    0    5    3    2   11   14   76    6    2    6    1    0    2    2    1  345    1    1    1    0    1    3    3]
 [   2    3    4    4    1    3    0    1    1    3    1    6   29    1    1    2    0    0    0    1  187    1    2    2    0    3    2    6]
 [  43   14    1    6    7    1    0    4    7    1    3    0    0   66    1   13    0   31   12    2  339    6    1    0    0    1    2   17]
 [   5    3    1    6    1    0    1    0    0    2    2    8    2    1   93    0    2    0    0    5  216    1    0    2    0    1    5    2]
 [  57    9    4    3   10    9    3    1    3    1    3    0    0    3    0  871    0   29    5    0  376   15    2    2    5    9    1    1]
 [   1    1    0    1    0    1    0    1    2    0    0    1    1    0    2    0    7    0    1    1   60    1    0    0    0    1    5    0]
 [  49   69    2    2   10    3    0    1    6    3    2    2    1   22    2   18    0  146   32    0  472   13    6    3    5    0    0    5]
 [  58    2    0    4   16    2    0    5    4    0    0    0    0    3    2    3    2   19  367    0  538    2    1    5    0    1    3    1]
 [   0    1    0    6    3    3    1    2    0    2    1    2    1    0    2    1    0    0    2   15  105    1    1    0    0    1    8    1]
 [ 172  144  126  154  201   78   86  109   48   74  150   40   37   66   48   62   13   63   60   15 8945   68   26   92   25   20   60   80]
 [  28    5    1    3   21   23    8    3   11    5    7    0    0    6    1   11    3   10    5    1  593  130    1    4    2    2    1    2]
 [  19    0    1    2    5    1    0    1    1    0    1    0    0    0    1    1    1    5    0    0   89    0   12    1    0    0    0    0]
 [   7    7    7   10   20    7    5    6    0   11   18    2    6    1    3    3    3    5    6    2  748    6    1   44    3   11    3   15]
 [   8    1    0    0    3    5    1    0    0    3    1    0    0    2    0   10    1    7    0    0  118    2    0    1    9    0    0    0]
 [   0    1    0    1    2    2    2    3    2    2    2    1    2    0    1    7    0    0    3    1  191    2    0    3    0   64   11    2]
 [   4    6    3   15    8    8    5    2    1   22    9    5    7    2    4    2    9    3    1    2  486    4    0    2    3   31  110    1]
 [  23   16    8    6   11    1   12    8    2    6    4    2    0    9    2    4    1    6    1    0  438    1    0    7    1    1    3  121]]
~~T-MNB Confusion matrix for Sentiments~~
[[ 653  512 1671  986]
 [ 183 3489 2611 1418]
 [ 380 1596 5891 3195]
 [ 193  798 2602 8186]]-----------------------------------------------------

~~~~~~MODEL: T-DT ~~~~~~
~~~~HYPERPARAMETERS: As chosen by GridSearchCV: 
	Emotions: DecisionTreeClassifier(criterion='entropy', max_depth=10, min_samples_split=8) 
	Sentiments: DecisionTreeClassifier(criterion='entropy', max_depth=10, min_samples_split=8)~~~~~~
~~T-DT Classification report for Emotions~~
                precision    recall  f1-score   support

    admiration       0.48      0.16      0.24      2135
     amusement       0.57      0.36      0.44      1242
         anger       0.00      0.00      0.00      1029
     annoyance       0.06      0.00      0.00      1669
      approval       0.00      0.00      0.00      2212
        caring       0.29      0.00      0.01       656
     confusion       0.00      0.00      0.00      1001
     curiosity       0.17      0.00      0.00      1167
        desire       0.12      0.00      0.00       422
disappointment       0.00      0.00      0.00       962
   disapproval       0.20      0.00      0.00      1567
       disgust       0.00      0.00      0.00       543
 embarrassment       0.00      0.00      0.00       266
    excitement       0.27      0.02      0.04       578
          fear       0.00      0.00      0.00       359
     gratitude       0.87      0.73      0.79      1422
         grief       0.00      0.00      0.00        87
           joy       0.35      0.19      0.24       874
          love       0.60      0.57      0.59      1038
   nervousness       0.00      0.00      0.00       159
       neutral       0.36      0.95      0.52     11062
      optimism       0.43      0.24      0.31       887
         pride       0.00      0.00      0.00       141
   realization       0.00      0.00      0.00       960
        relief       0.20      0.01      0.01       172
       remorse       0.42      0.51      0.46       305
       sadness       0.20      0.00      0.01       755
      surprise       0.50      0.00      0.00       694

      accuracy                           0.39     34364
     macro avg       0.22      0.13      0.13     34364
  weighted avg       0.29      0.39      0.27     34364

~~T-DT Classification report for Sentiments~~
              precision    recall  f1-score   support

   ambiguous       0.31      0.06      0.10      3822
    negative       0.65      0.04      0.08      7701
     neutral       0.36      0.92      0.52     11062
    positive       0.78      0.32      0.45     11779

    accuracy                           0.42     34364
   macro avg       0.53      0.34      0.29     34364
weighted avg       0.56      0.42      0.35     34364

~~T-DT Confusion matrix for Emotions~~
[[  337     8     0     0     1     0     0     0     1     0     0     0     0     2     0    14     0    36    77     0  1630    26     0     0     0     3     0     0]
 [   10   451     1     2     1     0     0     0     2     1     0     0     0     2     0     6     0     3    13     0   745     5     0     0     0     0     0     0]
 [    8     5     0     0     0     0     0     0     0     0     0     0     0     0     0     8     0     6     5     0   991     3     0     0     0     3     0     0]
 [   11    24     0     1     0     0     1     0     0     1     1     0     0     0     0    12     0     7    14     0  1584     5     0     0     1     7     0     0]
 [   47    22     0     2     0     0     0     0     1     1     0     0     0     2     0     7     0    16    23     0  2057    24     0     0     0     9     1     0]
 [   14     5     0     0     0     2     0     0     0     0     0     0     0     0     0     3     0    13    13     0   567    28     0     0     0    11     0     0]
 [    7    12     0     0     0     0     0     3     0     3     0     0     0     0     0     3     0     6     5     0   956     2     0     0     0     4     0     0]
 [    9    12     0     0     0     0     0     2     0     0     0     0     0     0     0     4     0     5    10     0  1122     1     0     0     0     1     0     1]
 [    5     4     0     0     1     0     0     0     1     0     0     0     0     0     0     0     0     3    13     0   377    18     0     0     0     0     0     0]
 [    9     9     0     1     0     0     0     0     0     0     1     0     0     0     0     2     0     7     6     0   909     6     0     0     0    11     1     0]
 [   21    20     0     1     0     0     2     0     0     0     3     0     0     0     0     8     0     6     8     0  1478     7     0     0     0    13     0     0]
 [    3     1     0     0     0     0     0     0     0     0     0     0     0     0     0     1     0     0     1     0   530     4     0     0     0     3     0     0]
 [    0     2     0     1     0     0     0     0     0     0     0     0     0     0     0     0     0     2     2     0   251     0     0     0     0     8     0     0]
 [   15    10     0     0     0     0     0     0     1     0     0     0     0    12     0     1     0    27    14     0   493     5     0     0     0     0     0     0]
 [    0     3     0     0     0     0     0     0     0     0     0     0     0     0     0     0     0     0     1     0   353     1     0     0     0     1     0     0]
 [   32    10     0     5     0     1     1     0     0     1     3     0     0     5     0  1031     0    55     5     0   216    23     0     0     3    31     0     0]
 [    2     0     0     0     0     0     0     0     0     1     0     0     0     0     0     0     0     1     0     0    78     1     0     0     0     4     0     0]
 [   23    32     0     0     1     0     0     1     0     0     0     0     0    16     0     5     0   163    45     0   576    12     0     0     0     0     0     0]
 [    7     9     0     2     0     0     5     3     1     0     3     0     0     1     0     3     0     7   595     0   396     5     0     0     0     1     0     0]
 [    0     0     0     0     0     0     0     0     0     0     0     0     0     0     0     0     0     0     2     0   152     4     0     0     0     1     0     0]
 [   87   125     1     0     1     1     4     0     1     0     3     0     0     4     0    61     0    55   107     0 10505    75     0     0     0    32     0     0]
 [   19     6     0     0     1     0     1     0     0     1     1     0     0     0     0     5     0    13    12     0   615   211     0     0     0     2     0     0]
 [    9     3     0     0     0     0     0     0     0     0     0     0     0     0     0     0     0    10     1     0   117     1     0     0     0     0     0     0]
 [    7    13     0     0     0     0     0     0     0     0     0     0     0     0     0     5     0     3     3     0   917     5     0     0     0     7     0     0]
 [    4     0     0     1     0     0     0     0     0     0     0     0     0     0     0     7     0    19     0     0   138     2     0     0     1     0     0     0]
 [    0     1     0     0     0     3     0     3     0     0     0     0     0     0     0     0     0     1     1     0   133     0     0     0     0   157     6     0]
 [    7     4     0     0     0     0     0     0     0     0     0     0     0     0     0     2     1     5     6     0   653    10     0     0     0    65     2     0]
 [    5     6     0     0     0     0     1     0     0     0     0     0     0     1     0     1     0     3     2     0   670     3     0     0     0     1     0     1]]
~~T-DT Confusion matrix for Sentiments~~
[[  235    24  3415   148]
 [  122   331  6936   312]
 [  245    58 10185   574]
 [  148   100  7799  3732]]-----------------------------------------------------

~~~~~~MODEL: T-MLP ~~~~~~
~~~~HYPERPARAMETERS: As chosen by GridSearchCV: 
	Emotions: MLPClassifier(activation='logistic', hidden_layer_sizes=[30, 50], max_iter=80)
	Sentiments: MLPClassifier(activation='tanh', hidden_layer_sizes=[30, 50], max_iter=80,
              solver='sgd') ~~~~~~
~~T-MLP Classification report for Emotions~~
                precision    recall  f1-score   support

    admiration       0.48      0.53      0.50      2135
     amusement       0.49      0.51      0.50      1242
         anger       0.31      0.31      0.31      1029
     annoyance       0.18      0.13      0.15      1669
      approval       0.23      0.14      0.17      2212
        caring       0.21      0.19      0.20       656
     confusion       0.29      0.18      0.22      1001
     curiosity       0.32      0.25      0.28      1167
        desire       0.30      0.24      0.27       422
disappointment       0.17      0.13      0.15       962
   disapproval       0.22      0.22      0.22      1567
       disgust       0.25      0.26      0.25       543
 embarrassment       0.27      0.18      0.22       266
    excitement       0.24      0.17      0.20       578
          fear       0.41      0.45      0.43       359
     gratitude       0.74      0.72      0.73      1422
         grief       0.16      0.05      0.07        87
           joy       0.29      0.27      0.28       874
          love       0.57      0.56      0.57      1038
   nervousness       0.26      0.12      0.16       159
       neutral       0.46      0.59      0.51     11062
      optimism       0.31      0.31      0.31       887
         pride       0.23      0.12      0.16       141
   realization       0.17      0.12      0.14       960
        relief       0.19      0.05      0.07       172
       remorse       0.40      0.44      0.42       305
       sadness       0.34      0.24      0.28       755
      surprise       0.31      0.27      0.29       694

      accuracy                           0.39     34364
     macro avg       0.31      0.28      0.29     34364
  weighted avg       0.37      0.39      0.38     34364

~~T-MLP Classification report for Sentiments~~
              precision    recall  f1-score   support

   ambiguous       0.46      0.19      0.27      3822
    negative       0.54      0.54      0.54      7701
     neutral       0.48      0.59      0.53     11062
    positive       0.69      0.66      0.68     11779

    accuracy                           0.56     34364
   macro avg       0.54      0.50      0.50     34364
weighted avg       0.56      0.56      0.55     34364

~~T-MLP Confusion matrix for Emotions~~
[[1122   29   12   24   77   23    7   18    7    7   25    5    1   37    8   59    0   58   93    2  408   38   15   14    2    0    4   40]
 [  42  639    4   37   17    7    5   15    1   13   23    8    3   12    3   12    0   67   13    0  271    9    0   19    1    1   13    7]
 [  18   11  314  114   18    6    8   14    2   19   60   49    5    6    9    4    1    4    2    1  321    6    1    9    1    2   10   14]
 [  34   34  136  219   51   32   22   21   10   47  122   74    7   10   17   13    2   12    8    7  678   19    3   25    1    7   29   29]
 [ 138   33   22   61  312   43   38   30   24   30   79   20   12   17    7   22    1   37   27    4 1092   62    4   55    2   10   10   20]
 [  17   11   17   26   27  127    7    6   10   15   20    6    0    1    6   21    0   15    8    6  238   44    1    4    1    8   14    0]
 [  13   21   14   25   22    6  180  102    4   14   42    5    5    6    7    5    1    4   11    2  458   11    1   21    0    2    4   15]
 [  23   20   15   22   26   11   72  295    3   12   21    1    4   19    2    7    0   10   12    1  522   14    0    8    0    1    7   39]
 [  14    8    4    8   22    7    4    6  102    3   19    1    0    6    0    3    1    7   11    1  145   38    0    8    1    1    2    0]
 [  17   18   27   50   26   14    9   12    0  128   76   30    9    4   17    5    2   10   10    3  402    9    1   11    1   14   43   14]
 [  25   27   34   90   54   22   26   17    6   58  344   29    8    7   13    5    0   10    8    1  679   18    0   37    1   13   20   15]
 [   3   11   37   45    9    1    8    7    4   22   41  142    7    1   16    1    0    2    1    3  156    3    1    6    0    4    8    4]
 [   2    6   12   13    3    4    2    3    3    8   11   12   48    1    2    1    0    1    2    1   98    2    0    9    0   10    5    7]
 [  73   26    9    8   17    6    0   20    4    2    8    2    0   98    3    6    0   47   19    0  177   15    1    7    0    1    2   27]
 [   5    5    3   15    4    3    3    2    0   12    5   13    3    1  160    0    3    1    0    5  100    1    0    5    0    0    6    4]
 [  89   11    5    4   12   11    6    3    3    4    9    0    0   14    2 1023    0   47   11    0   96   29    3    3    8   19    9    1]
 [   3    1    3    2    1    2    0    0    3    1    4    2    0    0    3    1    4    1    0    1   36    1    0    1    0    5   12    0]
 [  79   99    4    8   22   11    1    1   12    8   12    5    0   29    1   25    0  235   59    1  207   26    3    8    3    0    1   14]
 [  99   10    3    5   29    5    3   10    6    0    7    3    0    3    1   12    0   45  586    0  182   10    2    6    1    3    6    1]
 [   1    3    2    9    7    8    7    1    1   10    4    3    1    2    7    1    0    0    0   19   57    2    0    3    0    2    9    0]
 [ 372  240  272  337  483  159  167  295   86  221  483  126   43   99   83   86    4  131  127   13 6482  219   18  243    6   32  102  133]
 [  43   10    5   19   41   36    8    7   30   11   39    7    0   10    1   20    1   16    8    0  277  272    2   15    1    1    2    5]
 [  25    2    0    0   10    3    1    1    0    3    3    0    2    3    1    3    0    8    1    0   51    1   17    5    1    0    0    0]
 [  29   13   15   21   49   12   12   18    6   27   67   10    6    5    7    9    0    9    2    2  466   21    0  113    3   13    5   20]
 [  13    1    0    4    6    5    0    0    0    6    4    1    0    2    0   13    0   15    0    0   78    6    2    2    8    0    3    3]
 [   3    3    2    7    6   10    4    2    3    9    6    1    5    0    3    7    0    1    3    0   62    3    0    4    0  133   27    1]
 [   7    5   16   27    9   14    7    4    5   56   34   14    7    2    7    6    4   10    5    0  256    9    0   17    1   49  183    1]
 [  44   17   14   12   20    6   23   19    2   19   17    7    1   22    6    5    1   13    3    0  221    2    0   26    0    2    3  189]]
~~T-MLP Confusion matrix for Sentiments~~
[[ 722  600 1892  608]
 [ 193 4195 2473  840]
 [ 427 1995 6575 2065]
 [ 219  994 2767 7799]]-----------------------------------------------------
